function s = centhist(t)

% Constant history function for DDEX1.
global nn 
s = 2*rand(3*nn,1);

%% Initial Conditions for 120 Mode
s = [  -0.204362530615808; 0.128883113518345; 0.242735531553449; 0.193266894839212; 0.149935039528161; -0.147934546527507; 0.009479264304714; -0.277481609989623; -0.100090056686872];
end

